4d64d902-ce44-495d-b975-769b1a81b22b:
  id: 4d64d902-ce44-495d-b975-769b1a81b22b
  x: 389
  y: 47.999969482421875
67f39948-aded-45ef-8379-631153e2cd1c:
  id: 67f39948-aded-45ef-8379-631153e2cd1c
  x: 951
  y: 196.99996948242188
